   0.273    0.276    0.252    0.273    0.265    0.273    0.264    0.271    0.285    0.304 | asp75.pgm         | 01 thread(s) | M   0.274 | S 1.000
   0.167    0.139    0.164    0.152    0.137    0.149    0.162    0.175    0.161    0.187 | asp75.pgm         | 02 thread(s) | M   0.159 | S 1.717
   0.174    0.197    0.173    0.203    0.193    0.215    0.170    0.222    0.185    0.155 | asp75.pgm         | 04 thread(s) | M   0.189 | S 1.451
   0.218    0.222    0.205    0.225    0.232    0.281    0.256    0.277    0.190    0.220 | asp75.pgm         | 08 thread(s) | M   0.233 | S 1.177
   0.274    0.389    0.373    0.430    0.364    0.285    0.385    0.368    0.234    0.326 | asp75.pgm         | 12 thread(s) | M   0.343 | S 0.798
   0.538    0.481    0.594    0.486    0.385    0.385    0.382    0.362    0.611    0.494 | asp75.pgm         | 16 thread(s) | M   0.472 | S 0.580
   0.785    0.688    0.604    0.607    0.818    0.800    0.729    0.642    0.654    0.648 | asp100.pgm        | 01 thread(s) | M   0.698 | S 1.000
   0.433    0.433    0.462    0.404    0.413    0.371    0.357    0.316    0.374    0.369 | asp100.pgm        | 02 thread(s) | M   0.393 | S 1.775
   0.393    0.368    0.403    0.300    0.297    0.277    0.305    0.373    0.356    0.305 | asp100.pgm        | 04 thread(s) | M   0.338 | S 2.065
   0.385    0.369    0.414    0.459    0.379    0.362    0.372    0.488    0.447    0.394 | asp100.pgm        | 08 thread(s) | M   0.407 | S 1.714
   0.467    0.565    0.601    0.651    0.542    0.446    0.579    0.559    0.444    0.481 | asp100.pgm        | 12 thread(s) | M   0.534 | S 1.307
   0.765    0.694    0.699    0.565    0.621    0.758    0.762    0.528    0.723    0.846 | asp100.pgm        | 16 thread(s) | M   0.696 | S 1.002
